mesh box1 [0 0 0] 2 150 3000 [0.8 0.8 0.8] 1
obj 1 [-75 1500 0] 0 1 1
obj 1 [1925 1500 0] 0 1 1
obj 1 [925 -75 0] 90 1 0.716667
obj 1 [925 3075 0] 90 1 0.716667
obj 2 [1001.83 273.257 0] 270 1.00357 0.150038
obj 2 [700 120 0] -45 1 0.166667
obj 2 [1822.13 273.345 0] 0 2.36556 0.0502668
obj 2 [694.687 491.851 0] -225 4.51866 0.05
obj 2 [371.883 709.021 0] 0 1.81619 0.05
obj 2 [1227 273 0] -45 0.708719 0.0357725
obj 2 [1645 273 0] -45 0.71637 0.0366504
obj 2 [1618.71 883.318 0] -27 4.18368 0.05
obj 2 [1369.64 1378.03 0] 0 0.866536 0.279174
obj 2 [1229.85 1864.39 0] 51.4933 1 0.13501
obj 2 [397.203 2705.3 0] 0 7.25027 0.05
obj 2 [836 2479 0] -33 1 0.20665
obj 2 [519 2259 0] 0 2.81677 0.054169
obj 2 [381.801 1491.81 0] 0 1 0.294122
obj 2 [1148.8 1060.93 0] 0 2.69905 0.0691492
obj 2 [1375.34 2458.93 0] 90 4.18373 0.0541239
